	759834
һ	218650
	204548
	166481
	147981
	143951
	141221
	121628
	118473
	93773
	90830
	89806
	89644
	89561
	88999
	84897
	83575
Ϊ	83201
	76432
	76261
Ҫ	75230
	74062
	72998
	72392
	67651
ʱ	67073
	65678
	62060
˵	60811
	59732
Ҳ	58203
	57123
ѧ	55984
	55875
	55666
	54649
	54616
	54355
	54066
	53387
	53259
	52866
	50574
	50395
	50249
	49733
	49418
	47441
	46501
	46297
	45991
	45686
	45585
	44206
	43430
	43412
	43040
ͬ	42903
	42643
	42449
	41222
	40196
	38811
	38643
	38600
С	38190
	38088
	37939
ȥ	37349
֮	37152
	36919
Ȼ	36802
	36313
	36069
	36013
	35552
	35474
ʵ	35331
	34418
ô	33817
	33687
	33568
	33449
	33058
	33034
	32893
	32796
	32508
	32404
	32364
	32108
	31740
	31680
	31417
	31134
	31050
	30754
	30607
	30452
	30442
ҵ	30353
	30099
	29929
	29423
ʮ	29368
	29338
Щ	29300
	28633
ǰ	28420
	28112
	28078
ˮ	27878
	27842
û	27717
	27478
	26999
	26687
ֻ	26560
	25987
	25848
	25294
ʹ	25286
	25236
	25107
	24919
	24900
ȫ	24874
	24547
	24518
	24486
	24478
	24325
	24250
	24201
	23915
	23883
	23458
	23423
	23391
	23169
	23160
Ӧ	23073
ͷ	23068
	22963
	22942
	22841
	22612
	22327
	22300
չ	22240
ϵ	21911
	21806
	21601
	21596
	21577
	21550
	21526
	21480
	21183
	21183
	21104
	21040
	20822
	20368
ԭ	20335
	19853
	19390
	19325
	19295
	19280
	19186
	19102
	19092
	19085
	18769
	18754
	18720
ƽ	18695
	18646
	18628
	18600
	18573
ʲ	18335
	18330
	18308
	18225
֪	18188
	18101
	18077
˼	17947
	17846
	17783
	17650
ͨ	17613
	17501
	17302
	17259
Ʒ	17122
	17072
λ	17071
	17060
	16822
	16789
	16738
	16385
	16307
	16133
	16122
	16022
	15916
	15871
	15573
ɽ	15554
	15485
	15444
	15373
	15352
	15296
	15268
	15238
	15198
	15130
	14963
	14943
Ա	14901
	14897
	14890
	14887
	14813
	14752
	14740
ͳ	14654
	14642
	14566
	14565
	14520
	14489
	14338
	14318
ս	14290
	14238
	14209
ʽ	14197
ָ	14152
	14109
	14049
	14014
	13960
	13934
	13934
	13912
	13902
	13858
ũ	13819
ǿ	13769
	13747
	13634
	13597
	13558
	13498
ֱ	13427
	13322
	13320
	13280
	13275
	13257
	13224
ɫ	13202
	13127
·	13102
	13094
	12999
	12988
Ŀ	12980
	12904
	12767
	12762
	12753
	12745
	12692
	12604
	12576
	12535
	12534
	12531
	12525
	12518
	12500
ʶ	12488
	12368
	12073
	12067
	12014
	11964
	11896
ȡ	11882
	11874
	11857
	11857
	11828
	11753
	11734
Ů	11717
	11661
	11590
	11572
	11541
	11508
	11480
	11442
	11438
	11407
	11323
	11262
	11150
	11061
	11043
	11012
	10974
	10970
	10917
	10872
	10811
	10786
	10766
	10743
	10710
	10697
	10691
	10623
ÿ	10593
	10572
	10546
̫	10525
	10500
	10488
ȷ	10484
	10396
	10344
	10319
ס	10281
	10204
	10199
	10191
ת	10174
	10071
	10033
	10010
	9945
Ӱ	9929
	9927
	9918
	9898
ȴ	9896
־	9881
	9860
	9857
	9855
	9852
	9780
	9754
	9735
	9653
	9646
	9600
	9589
	9571
	9569
	9565
	9564
	9520
	9514
	9478
	9433
	9419
	9411
	9363
	9335
	9298
	9280
	9253
	9247
	9247
	9170
	9158
	9110
ͼ	9104
	8957
	8908
	8854
	8835
ʷ	8821
	8814
	8781
	8778
	8769
	8766
	8761
	8747
	8744
ʯ	8727
	8701
	8660
	8646
	8597
	8568
	8513
	8494
	8491
	8455
Ȩ	8446
	8434
ʼ	8376
	8330
	8252
	8249
	8219
	8176
̬	8165
	8165
֤	8161
	8159
	8135
	8127
	8110
	8105
Ⱥ	8056
ʦ	8047
	8028
	7986
ϸ	7984
	7983
	7982
	7976
	7962
Ц	7944
	7923
	7896
Զ	7863
	7850
׼	7754
д	7734
	7663
	7655
	7623
	7622
	7610
	7598
	7583
Ԫ	7581
	7573
	7571
	7550
	7534
ʧ	7495
	7485
	7472
ϰ	7466
	7456
	7428
֯	7420
	7350
	7279
	7262
	7236
	7211
Ч	7207
	7164
˹	7158
ǧ	7094
	7075
ʾ	7058
	7057
	7052
	7037
	7026
	6997
֧	6987
	6974
	6958
	6948
	6869
	6862
	6815
	6778
	6764
״	6732
	6700
Լ	6695
	6688
	6686
ר	6666
	6659
	6657
	6586
ֵ	6584
	6576
Ӣ	6572
	6514
	6508
ά	6485
Ӫ	6483
ʿ	6467
	6441
	6441
	6433
Ժ	6433
	6396
	6395
	6389
	6389
ë	6377
̨	6366
	6340
Ƭ	6336
	6315
	6313
	6299
	6292
	6270
	6261
ע	6254
	6244
Դ	6237
	6229
ĳ	6227
	6199
	6195
	6193
	6183
	6177
Χ	6173
	6167
	6163
	6132
	6120
	6114
ʳ	6111
	6108
	6073
	6064
	6053
	6008
Խ	5995
ѡ	5981
	5977
	5970
	5958
	5953
	5911
	5910
װ	5895
	5883
	5883
ί	5882
	5881
	5876
	5866
Ϣ	5853
	5812
ѹ	5812
	5770
	5759
	5720
	5703
	5640
	5637
	5628
ͻ	5613
	5592
	5574
	5560
	5558
	5557
	5554
վ	5535
У	5501
	5457
̸	5453
	5444
	5413
	5408
	5401
ĸ	5399
	5386
	5358
	5350
	5349
	5343
δ	5339
	5316
	5307
	5289
	5285
	5278
	5267
	5261
	5256
ռ	5244
ѽ	5232
΢	5219
	5209
	5209
	5208
	5208
	5194
Ѫ	5170
	5136
	5129
	5127
ľ	5125
	5083
	5068
	5058
	5046
	5029
ְ	5021
	5020
	5011
	5007
Ǯ	4985
	4972
	4971
	4970
	4957
Ƥ	4954
	4952
	4951
	4940
	4882
	4873
ҹ	4867
	4863
	4860
˫	4858
	4855
	4852
	4850
	4835
	4832
	4795
	4790
	4754
	4752
	4740
	4734
	4719
	4716
	4700
	4675
	4669
	4664
	4653
	4649
˾	4643
ʡ	4636
	4630
ģ	4626
	4623
	4603
	4600
˭	4592
	4567
ֹ	4560
ϲ	4550
	4541
	4526
	4517
	4499
	4479
ʩ	4440
	4427
	4426
	4424
	4423
	4382
	4377
	4376
	4357
	4329
	4327
	4325
	4315
	4314
	4311
	4294
	4290
	4289
	4276
Ͷ	4262
	4260
	4260
	4257
	4247
	4235
	4234
	4223
Ҷ	4201
	4184
	4180
	4179
	4169
	4166
	4159
	4156
	4143
	4142
	4137
	4130
	4129
	4125
ҽ	4114
	4111
ֲ	4104
	4101
	4095
	4093
	4091
	4088
	4075
Ϸ	4073
	4054
	4034
	4029
	4023
	4019
	4015
	4014
	4007
	4000
	3994
	3992
	3984
	3980
	3976
	3973
	3969
	3961
	3954
	3943
	3942
	3938
	3926
	3919
	3918
	3918
	3902
	3897
	3882
	3875
	3868
	3848
Һ	3825
ͣ	3818
	3810
	3807
ʤ	3798
	3795
	3779
æ	3777
	3770
	3767
ӳ	3752
	3747
	3744
	3741
ҩ	3740
	3739
	3711
	3673
	3651
ţ	3640
	3635
	3634
	3634
	3618
	3616
	3612
ȱ	3611
Ը	3610
	3600
	3587
	3583
	3582
	3575
	3571
ɢ	3563
	3562
	3552
	3548
ν	3541
	3539
	3538
	3529
	3519
	3515
	3504
	3487
	3473
	3473
	3470
	3444
Ԥ	3438
	3428
	3421
	3421
	3420
	3399
	3385
	3379
	3377
	3369
	3366
	3363
ү	3362
	3361
	3353
	3329
Э	3306
	3301
	3290
ζ	3289
	3285
	3284
ϣ	3265
	3253
	3246
	3241
	3228
	3215
	3206
ʹ	3206
	3204
	3195
	3191
	3190
ɳ	3182
	3170
	3139
	3122
	3122
	3116
ӡ	3114
	3101
	3098
	3092
	3090
ֽ	3074
	3061
	3059
	3040
	3028
̽	3021
	3018
	3016
	3016
	3012
	3003
˳	2999
	2995
	2987
	2983
	2979
	2974
	2967
	2962
ì	2961
	2960
	2957
	2956
	2946
	2945
	2941
	2940
½	2938
	2937
ͯ	2929
Բ	2929
	2924
	2920
	2914
	2906
	2899
	2882
׷	2870
	2866
	2864
	2860
	2852
ɱ	2840
	2835
Ұ	2832
ѵ	2825
	2822
ͥ	2816
	2814
	2811
	2799
	2790
	2789
ϯ	2786
¶	2785
	2765
	2760
	2750
	2743
	2743
Ⱦ	2739
ŷ	2734
	2732
	2722
	2721
	2707
ץ	2701
	2691
	2690
Ψ	2687
	2683
	2682
	2682
	2680
	2677
	2670
	2667
	2666
	2658
	2654
ʫ	2648
	2647
	2645
	2645
	2632
	2631
	2618
͸	2616
	2605
	2602
	2593
	2590
	2586
	2584
	2583
˿	2581
	2580
	2576
˯	2575
	2572
	2568
	2566
	2566
	2563
	2556
	2554
	2553
	2552
	2551
	2542
	2535
	2528
	2527
	2523
	2520
	2516
ҡ	2514
Ѹ	2507
	2500
	2477
	2470
	2470
	2468
˽	2465
	2462
	2459
	2454
ѩ	2450
	2449
	2446
	2446
	2445
ĩ	2443
	2433
Ȥ	2430
	2428
	2427
¥	2426
	2418
԰	2417
	2417
	2417
	2412
	2403
	2400
Σ	2393
	2380
	2369
ǹ	2357
	2348
	2346
	2342
;	2331
	2330
	2327
	2320
	2317
ִ	2317
	2309
	2309
	2306
	2306
	2306
	2304
	2300
ʢ	2298
	2296
	2291
	2289
	2286
	2278
	2278
	2268
	2251
	2247
	2239
	2237
	2233
ׯ	2230
ֳ	2221
	2215
	2214
	2206
	2204
	2201
	2188
	2187
	2185
ƫ	2182
	2179
	2174
	2169
	2165
	2164
	2164
	2163
	2154
	2154
	2153
	2143
	2141
	2136
	2130
	2130
Ū	2123
	2112
л	2106
	2105
	2102
	2100
	2094
	2087
	2081
	2079
֦	2073
	2071
	2071
	2070
	2069
	2068
	2063
	2052
	2048
ӭ	2044
	2028
	2027
	2021
	2016
	2015
	2011
	2009
	2007
	2005
ΰ	2004
	2004
	2002
	2000
	1995
	1995
	1994
	1993
	1991
	1991
	1989
	1988
	1987
	1984
	1980
	1975
	1969
	1967
Ӳ	1967
	1964
	1961
	1960
	1957
	1957
¼	1955
	1955
	1955
Ѱ	1953
	1952
	1948
	1947
	1946
	1935
	1935
	1932
	1924
	1922
	1922
	1921
	1911
	1907
	1906
	1897
	1896
	1896
	1894
	1894
	1894
	1893
	1893
	1887
Ȧ	1886
Ŭ	1885
	1881
	1879
	1878
	1874
	1873
ū	1866
	1865
	1865
	1859
	1853
	1851
Ĭ	1846
	1846
	1844
	1844
	1835
	1829
׳	1826
	1826
	1818
ȼ	1815
	1813
	1804
	1804
	1804
	1801
	1799
	1794
	1786
	1779
	1777
	1776
	1774
÷	1772
	1769
˰	1768
	1766
	1763
	1757
	1755
	1755
ǽ	1754
	1753
	1753
β	1750
	1750
Ī	1749
е	1749
	1741
	1738
	1735
	1732
	1731
	1725
	1722
	1720
	1718
	1717
	1714
	1712
	1709
	1706
	1702
	1701
ƪ	1697
	1693
	1693
	1691
	1689
	1689
Ũ	1680
Ծ	1674
	1671
ϴ	1670
	1669
	1662
	1662
	1661
	1660
	1660
³	1655
	1655
	1655
	1647
	1647
	1642
	1634
	1634
	1631
ɭ	1631
	1626
	1621
ʪ	1618
	1614
	1613
	1603
	1599
	1591
	1589
	1587
	1587
	1585
	1584
	1583
ͽ	1582
	1582
	1578
	1575
	1569
	1567
	1567
	1565
	1564
	1560
	1554
	1552
	1549
	1547
	1546
	1545
	1545
	1538
	1538
	1528
̼	1526
	1525
	1524
	1524
	1520
Ե	1513
	1508
	1506
	1505
	1504
	1501
	1500
	1497
ƶ	1496
	1496
	1495
	1495
	1494
	1491
	1485
	1485
	1482
	1477
	1474
	1473
	1472
	1466
ʥ	1465
	1463
	1461
	1460
	1459
	1458
	1453
	1449
	1444
	1442
	1442
	1442
	1441
	1440
	1439
	1435
	1434
	1431
̧	1430
	1426
	1425
	1423
	1422
	1415
	1414
	1414
	1411
Ʊ	1409
	1409
	1406
	1406
	1405
ú	1404
ʣ	1400
	1399
	1398
	1396
	1393
ı	1392
ò	1392
	1388
	1387
	1387
	1386
Ǳ	1384
	1382
	1378
	1376
	1374
ǡ	1371
̹	1368
ŭ	1365
	1363
	1362
	1357
	1357
	1356
	1356
	1356
	1355
	1355
	1350
	1349
	1347
	1345
ӵ	1344
	1344
	1343
	1342
	1342
	1342
	1342
	1337
	1335
	1335
	1333
	1330
֢	1329
	1328
	1320
ĥ	1319
	1318
	1318
	1317
	1315
Ļ	1314
	1311
	1307
	1306
ð	1305
	1305
	1302
	1300
	1300
	1299
	1299
	1298
	1298
	1297
	1296
	1290
	1284
	1283
ó	1282
	1279
	1279
	1277
	1276
	1273
	1273
	1273
	1272
	1270
ż	1269
	1269
	1269
	1268
	1263
	1262
	1262
Ĥ	1261
ͭ	1257
	1251
ů	1251
	1250
Ħ	1249
	1243
	1242
	1241
ѭ	1240
	1239
	1238
	1236
	1235
͵	1234
	1233
	1233
	1230
	1228
	1228
ǻ	1228
	1226
	1225
ϡ	1222
	1222
Υ	1220
	1217
ͦ	1215
	1210
	1206
	1205
	1204
	1203
	1203
	1201
	1194
	1190
	1189
	1189
	1189
	1188
ƾ	1187
	1186
	1186
	1186
Ь	1186
Ǩ	1185
	1184
	1183
	1174
	1173
̾	1171
	1168
	1165
	1163
	1162
	1162
	1160
	1160
	1158
	1157
	1157
	1154
	1153
	1152
	1151
	1149
	1146
	1141
	1140
	1138
	1133
	1133
	1131
	1130
	1127
	1122
	1116
	1115
	1110
	1106
	1105
ü	1105
	1103
	1102
	1101
	1101
	1099
	1098
	1098
	1097
	1097
	1095
	1090
	1089
	1087
	1084
	1083
ը	1082
	1082
Ƶ	1081
	1081
	1080
	1079
	1078
	1074
¯	1073
	1069
	1067
	1066
	1065
	1064
	1061
	1060
ƿ	1058
	1056
	1055
	1054
˥	1053
	1050
	1047
	1046
	1045
	1041
	1038
	1033
	1033
	1033
α	1032
	1030
	1027
	1026
	1023
	1022
	1021
	1021
	1020
	1018
Ʈ	1015
	1015
	1014
	1012
ϧ	1006
ɥ	1004
	1003
	997
	994
	994
	993
	990
	988
	987
ɨ	986
	983
Ȫ	980
	979
	979
Ԯ	979
ī	976
ɶ	975
	972
	971
	970
	970
	969
	968
	961
	961
Ķ	959
	958
	956
ҧ	956
ճ	955
ѿ	955
	955
	954
	954
	954
	953
	952
	951
	949
	949
	948
	948
	948
	948
¡	947
	947
	946
	941
	941
	939
֣	938
	936
	936
	935
ɩ	934
	933
	931
ñ	930
ǳ	930
	929
б	929
	928
	927
è	925
	923
	921
	921
	920
	919
	918
	915
	915
	911
	908
	907
	906
	904
	904
Ѷ	901
	899
	899
	897
	896
	895
	893
	891
Ư	890
	890
Ϳ	890
	889
	888
	887
Ȱ	886
	883
Ϥ	882
	882
	881
	881
ף	878
	877
	873
	872
	872
	868
	867
	866
	866
	865
	863
	863
Ϯ	862
	862
	861
׽	858
	858
	856
̤	855
	855
	852
	852
	851
פ	850
	850
	849
	848
	847
Ť	845
	845
	841
	840
	835
	835
ǩ	833
	831
	831
ҫ	831
	829
	828
ο	828
	828
ծ	826
	826
	826
	825
	825
	824
	823
	821
	820
	814
	812
	812
	812
ӿ	811
Ԭ	807
	806
	805
	800
	799
	798
	796
	794
	793
	792
	792
	791
	791
Ͳ	789
	789
	787
	786
	786
	782
	781
	779
ײ	776
	775
	775
	773
ä	773
	772
	771
	771
ƭ	771
	770
	770
	770
	767
	767
	765
	764
̩	763
	756
	756
	755
	754
	754
κ	753
	752
	748
Ф	748
	747
	747
	747
	746
	746
	746
	745
	745
	745
	743
	742
֬	742
	740
	739
	736
	735
	735
Ĺ	734
	731
	731
	731
	730
ι	729
	729
	728
	728
Ϫ	727
	726
	724
	724
ˢ	723
	722
	719
	718
	718
	717
	716
	715
	715
Į	714
Թ	712
	712
	711
	711
	710
	709
	709
	708
	707
	705
	704
	703
ǣ	701
	700
	699
	699
	699
	699
	696
ʻ	695
	695
	692
	692
ƣ	691
	690
	690
	687
	687
	685
	685
θ	685
	683
	683
ŵ	681
	680
̲	680
	678
	678
	676
	674
ȭ	673
	671
	671
	671
	671
	670
	666
	663
	661
	661
ħ	661
	660
	660
	659
	658
	658
	657
	655
	654
	653
ϱ	653
͢	652
	650
̥	650
Ĩ	648
	648
֫	647
ʰ	647
	646
կ	646
	645
	642
	641
	640
	639
	638
	635
	635
	634
	633
	633
	633
	632
	629
ķ	629
	628
	627
	627
ӯ	624
	623
	621
	620
	618
	617
	616
	615
	614
	614
	611
	610
	609
	608
	608
	608
	607
	606
	605
Ƣ	605
	604
	603
	602
	601
	600
Ѽ	600
ҳ	599
г	599
	599
	599
	599
ã	598
ƴ	598
̿	598
	598
	598
	598
	596
	596
	594
¬	594
	592
	591
	590
	589
	589
	588
	588
	588
	587
	586
	585
ң	585
	584
	583
	581
	581
	581
	576
̯	576
ɣ	575
	575
	574
	574
	574
	573
	573
в	572
	570
	570
	568
	567
	567
	566
	566
	564
ï	564
	562
	561
Ѳ	560
	558
ɴ	558
	558
	557
	556
	555
	555
γ	554
	554
	552
	552
	551
	548
	548
	547
̳	547
	547
	547
	547
	545
	544
	544
	544
	543
	541
	541
	540
	539
	539
	539
	535
	535
	534
	534
	533
	532
	531
«	531
©	531
	531
	530
	530
	529
	528
	528
ժ	528
	526
	525
	524
	524
ԣ	523
	522
	522
	521
	521
	521
	521
	520
	520
	519
й	519
	519
	517
ұ	517
	515
	514
	511
	511
Ъ	510
	510
	509
Ӥ	508
	508
	508
ͤ	506
	506
Ϧ	506
	505
	505
	505
	504
̰	504
	504
	503
ש	503
	502
	502
Ү	502
	502
	501
	500
	500
	499
	499
	499
	499
	498
¹	498
	498
ƥ	497
	496
	496
	496
ȸ	495
	494
ʴ	493
	492
	492
ӥ	492
ѯ	490
	490
	490
	489
ɤ	488
	488
	488
	487
Ͻ	487
ԥ	487
	487
	484
	484
ʬ	483
	483
	482
	482
Ŷ	482
	481
	481
	480
	480
	479
ˤ	477
	477
	476
	475
¢	475
	475
	475
	473
	473
	472
	471
	471
Ŧ	471
	471
	470
	470
	469
	467
	466
	466
	465
	464
ϼ	464
	463
˲	463
	463
	463
	462
	462
	460
	460
ɮ	460
	460
	459
	459
	459
	458
	458
	457
	455
	455
	455
	453
	453
	453
	452
	451
	450
	450
	449
Ӵ	449
	449
	449
	449
Ͱ	448
ɹ	448
Ľ	447
	446
˪	446
	446
	444
	443
϶	443
Т	442
Ѻ	442
	441
	440
Ƿ	440
	440
	440
Ѯ	440
	440
ù	439
а	438
	438
	438
	438
Ͽ	438
	436
	436
	436
	435
	435
Ѩ	433
	433
	433
	432
	432
	432
խ	431
	431
	431
լ	431
	431
ˬ	430
	430
	430
	428
	428
	428
	428
	427
ƻ	427
	426
	426
	426
	424
	424
	424
	424
	423
	423
	421
	421
	421
	421
	420
	420
	420
	420
	419
	417
	416
Ʃ	416
	415
	414
	414
	414
Ի	414
ý	413
	412
	412
	411
	411
	411
	410
ͧ	410
	410
	409
	409
ӹ	408
	408
	408
	408
ɰ	408
	407
	407
ǲ	407
	407
	406
	406
ɵ	405
η	404
	403
	403
Ǧ	402
	402
	401
Ƽ	401
	400
	399
	399
	396
׿	396
	392
	392
	392
	391
	391
	391
	391
	389
	389
	389
	388
	387
	387
	387
	386
֭	386
	386
	385
	385
	385
	384
	384
	384
	383
	383
	383
ƨ	383
	382
	382
	382
	381
	380
	379
	379
	379
	379
	378
ּ	377
	377
	377
ַ	376
	376
	375
	375
Τ	375
	375
	374
	374
	374
	373
	373
Я	371
é	370
	369
	369
	369
ö	369
	368
	368
	367
	367
	366
	366
	366
	365
Ӿ	364
	364
	363
մ	363
	363
	362
	362
	362
	361
	360
ѻ	360
	360
	360
	358
	358
	357
	356
	356
	355
	355
	354
	354
ѷ	353
	353
	351
	351
	351
	350
	350
ȹ	349
	349
	349
	348
¿	348
˺	347
	346
Ҧ	346
	346
	346
	345
	345
	345
	344
ԩ	343
Ϲ	343
	343
	343
	342
	342
	341
	340
	339
	338
	337
Ω	337
	337
	336
	336
	336
	335
	335
	335
	334
µ	333
£	333
ĭ	333
˧	331
	331
	331
	331
	330
	330
Ǹ	330
ɲ	329
	329
	328
	328
Ԩ	328
	327
	326
	326
	324
	324
	324
	323
ǫ	323
	323
	323
	322
	322
	321
ȯ	320
Ԣ	320
	319
	319
	319
	319
զ	318
	318
צ	318
	318
	318
	317
	317
	317
˦	316
	316
	316
׬	316
	316
	316
	316
	315
	315
ԡ	314
	314
	314
	314
ɺ	313
	313
	312
	311
	311
֥	311
	311
ø	310
	310
	310
	310
	309
İ	309
ӱ	309
	308
	308
Ӯ	308
	308
	307
ж	307
	307
	306
	306
	305
	304
	304
	304
	303
	303
ϥ	303
	303
į	302
	302
	301
	301
	301
	300
	300
գ	300
	299
	299
	299
	298
	298
	298
	297
Ǭ	297
	297
	296
	296
	295
	295
	294
â	294
	294
	294
	294
׮	294
	294
	293
	293
	293
͹	293
̷	292
	291
Ƹ	291
	290
	289
	289
	288
	288
	288
	287
	287
	287
	287
	286
	286
ˣ	285
	285
	285
ɧ	284
	284
	284
	283
	282
	281
	280
	279
	279
	279
	279
	279
	278
ٻ	278
	278
	278
	277
̶	276
	276
	276
	276
	276
	276
	276
	275
	275
	275
	274
	274
	273
	272
ɡ	272
	272
	271
	271
	271
	271
м	270
	270
	270
	269
	269
ӫ	269
	269
ի	269
Ϻ	268
	268
	268
	268
	268
ͺ	267
к	267
	266
з	265
	265
	264
	263
þ	263
	262
	261
	261
	261
έ	260
	260
	260
	260
Х	259
	259
	259
	259
	258
	258
	258
	257
	257
Գ	256
	256
	255
	255
	255
	255
	255
	255
	254
	253
	253
	253
	253
	252
	252
	251
	251
	251
Ų	251
֨	250
	249
	249
	248
	248
	248
	248
	248
	248
	248
	247
	247
	247
	247
	246
	246
	246
˸	246
ʨ	246
ƹ	246
Ѧ	245
	245
	245
	245
	244
	244
	242
Ӭ	241
	241
	241
Ȣ	241
	240
	240
	240
	240
	240
	240
»	240
	239
ѱ	239
	239
ή	239
	238
	238
±	238
ġ	238
	238
ª	237
	237
	237
	237
ո	236
ױ	236
ѫ	236
	235
բ	235
	234
̵	234
	234
	234
	234
	234
ϩ	232
Ѿ	231
	231
	231
	231
	231
Ҥ	231
	231
ƺ	231
׺	231
	231
	230
	230
	230
ɼ	229
	228
	228
	228
	228
	227
	227
	227
Ǣ	227
	226
	226
׵	226
	226
õ	226
	225
	225
ͩ	225
	225
	224
	224
	223
	223
Ƕ	222
	222
	222
Ӷ	222
ɯ	221
Ϩ	221
	221
	221
	221
	221
	220
̺	220
	220
	220
	219
׹	218
ɷ	218
	218
	218
	218
	217
	217
	217
	217
̦	217
	216
Ө	216
	216
̭	215
	215
	214
ť	214
	214
׫	214
յ	213
	213
ҥ	213
	213
	212
	212
׶	210
	210
Ȯ	210
	209
-	209
	209
	209
	209
	209
	208
Ƨ	208
	207
	207
	207
н	207
	206
	206
	205
	205
	204
ն	204
	204
	203
	203
	203
	203
	203
	202
	202
	202
	202
	201
	201
	201
	200
	200
	198
	198
	198
֩	198
	198
	198
	198
ĺ	198
	197
	196
˩	196
	196
߶	196
٤	196
	195
	194
	194
	194
	194
	193
	193
	193
	192
	192
	192
ŧ	192
	191
	191
	191
	190
²	190
	190
ե	190
	190
	190
ݺ	190
Ʋ	190
	190
ξ	190
	189
ɬ	189
	189
	188
	188
	188
	188
	188
ε	188
ֿ	187
	187
	187
	187
	186
	186
	186
	186
	185
	185
	184
	184
	184
ʸ	184
п	184
	184
ĵ	184
˶	184
	182
	182
	181
	180
	180
	180
	180
	180
®	180
	180
	180
	180
	180
	180
	180
	180
	179
	179
	179
	179
	179
	178
	177
	177
	177
	177
	177
	176
	176
ɪ	176
	176
	175
	175
	175
	175
	175
	175
š	175
	174
	174
Ż	174
	174
	174
§	174
	174
	174
	173
	173
	173
Կ	173
	173
	173
	172
	172
	172
	172
	171
	171
	171
	171
	170
	170
Ρ	170
	170
	170
	169
	169
	169
	168
ɸ	168
	168
	168
թ	167
	167
	167
	167
	167
	166
	166
	166
	166
	166
	166
ž	165
	165
	165
	165
	164
	164
	163
ֶ	163
	162
å	162
	162
Ƴ	161
	161
	161
	161
ӣ	160
	160
	160
Ͼ	160
	160
	160
	159
	159
	159
	158
	158
	158
	158
	157
	157
Ң	157
	156
	156
	156
	156
	156
	155
	155
	155
	155
	154
´	154
	154
	154
и	154
	153
	153
	153
	153
	153
	153
	153
	153
	152
	152
	151
ç	151
	151
	151
	151
Ѭ	151
	151
ޱ	151
	151
	150
Ю	150
	150
	150
	150
	150
	149
	149
	149
	149
	149
	149
	149
	149
	149
	149
	149
	149
	148
	148
׾	148
	148
	148
	148
	148
	147
	147
	147
	147
	147
	147
	146
	146
	146
	146
	146
	146
ߴ	145
	145
	145
	145
	145
	145
	144
ձ	144
	144
	143
	143
	143
̱	143
	143
	143
ֺ	142
	142
	142
	141
	141
	141
	141
տ	141
	141
	141
	141
	141
	140
­	140
	140
	140
	140
	140
	140
	139
	139
	138
	138
Ű	138
ܽ	138
ȵ	137
	137
	137
	136
	136
	136
	136
	136
	136
گ	136
	136
	136
	135
	135
ű	135
	135
	135
	135
	135
ϻ	135
	135
	135
	135
	134
	134
	134
ܿ	133
	133
	133
˻	132
	132
	132
	131
	131
ڤ	131
	131
	131
	131
	131
	131
	130
	130
	129
	129
	129
	129
	129
	129
	129
	128
	128
	128
	128
	128
ӽ	128
	128
	128
	128
	128
	127
	127
	127
ߺ	127
	127
ߵ	127
	126
	126
	126
	126
	126
	126
	126
	126
	125
	125
Ǽ	124
	124
	124
о	124
	124
	124
	124
	124
	123
	123
	123
	123
ʺ	123
	123
	123
	123
	122
	122
	122
	122
	121
	121
ſ	121
	121
	121
	121
	121
	121
	121
	120
	120
	120
ǯ	120
	120
	120
	119
	119
	119
	119
	119
ק	119
	119
	119
	119
	119
ȩ	119
	118
	118
	118
	118
	118
	117
	117
Ÿ	117
	117
	117
	116
	116
Ĵ	116
	116
	116
	116
	115
١	115
	115
	115
	115
	115
	115
	115
	115
	114
	114
	114
	114
	114
	113
	113
	113
Ѥ	113
	113
	113
	113
	113
	112
	112
أ	112
	112
	112
	112
	112
	112
	112
	112
	112
	112
	112
	112
ѣ	111
	111
	111
	111
Է	111
	111
	111
	111
	111
	111
	111
	110
	110
դ	110
	109
	109
	109
Ƚ	109
	109
	109
	109
	109
	109
	108
	108
	108
	108
	108
	108
إ	108
	108
ө	108
	108
	107
Ǻ	107
	107
	107
	107
	106
	106
ơ	106
¤	106
	106
	106
	106
ļ	106
	106
ǭ	106
	106
	105
	105
	105
	105
	105
	105
	105
	105
	105
	105
հ	105
	105
ɿ	105
	105
	105
	105
	104
	104
	104
	104
	104
	104
	104
	104
	103
	103
	103
	103
	102
	102
	102
	102
	102
	102
	101
	101
	101
	101
	101
	101
	101
	100
	100
	100
	100
	100
	99
	99
ͪ	99
	99
	99
	99
	99
	99
	99
	98
ͱ	98
	98
	98
	98
	98
	98
	98
	98
	98
	98
	98
	98
	98
	98
	97
Ӻ	97
	97
	97
˨	97
	97
	97
	97
	96
	96
	96
	96
ư	96
	96
	96
	96
	96
	96
	96
	95
Ģ	95
	95
	95
	95
	95
	95
	95
	95
	95
	94
	94
Ѵ	94
	94
	94
	94
	94
	94
	94
	94
	94
	93
	93
	93
	93
	93
	93
	93
	93
	93
	93
	93
	92
	92
	92
	92
	92
ѳ	92
	92
	92
Ĳ	92
ҷ	92
	92
	92
	91
	91
	91
	91
	91
	91
	91
	91
	91
	90
	90
	90
	90
	90
	90
	89
	89
	89
	89
	89
	89
	89
	89
Ԧ	89
	89
	89
	88
ة	88
ͫ	88
ܰ	88
	88
	88
	88
Ź	88
	88
	88
	88
	88
	88
	87
	87
	87
	87
٩	87
	87
	87
	87
̴	87
	86
	86
	86
	86
	86
	86
ջ	86
ѥ	86
ɾ	85
	85
	85
	85
	85
	85
	85
	85
է	85
	85
	85
	84
	84
	84
	84
	84
	84
׸	83
	83
	83
	83
	83
	83
	83
	83
	83
	83
ˡ	83
	83
Ǵ	83
Ҹ	82
	82
	82
	82
	82
	82
	82
	82
	82
	82
շ	82
	82
	82
	82
	81
	81
	81
	81
	81
Ы	80
˷	80
	80
	80
ެ	80
	80
	80
	80
	80
	80
	79
	79
	79
	79
	79
ղ	79
Ҭ	79
	79
Ҵ	79
	78
	78
	78
	78
¨	78
	77
ԫ	77
	77
	77
	77
	77
	77
	77
	77
	77
	77
	77
	77
	77
	77
	77
	76
ٲ	76
	76
	76
	76
	76
	76
	76
	76
	76
	76
	76
͡	76
	75
ɦ	75
	75
޺	75
Ŵ	75
	75
	75
¦	75
߬	75
	75
	75
	75
ݮ	75
պ	74
	74
	74
	74
	74
Ϭ	74
Ȳ	74
	74
	74
	74
	74
	74
	74
ų	73
	73
	73
	73
	73
	73
	73
ٿ	73
	73
	73
	73
	73
	72
	72
	72
	72
̮	72
	72
	72
	72
	72
	72
	72
	71
	71
	71
	71
	71
	71
	71
	71
	71
	71
	71
	71
	70
˴	70
	70
	70
	70
	70
	70
	70
	70
	70
	70
	70
	70
	70
	70
	70
	70
ާ	70
ز	70
	70
	70
	69
	69
	69
	69
	69
	69
	69
	69
	69
	69
ݥ	69
	69
ӻ	68
	68
	68
	68
	68
	68
	68
Ӽ	68
	68
	68
	68
	67
	67
	67
	67
	67
	67
	67
	67
	67
	67
	67
	67
	66
	66
	66
	66
	66
	66
	66
	66
	66
	66
	65
	65
	65
	65
	65
	65
	65
	65
	65
	65
	65
	64
	64
	64
	64
	64
	64
	64
	64
ٮ	64
	64
	64
	64
	64
ڶ	64
	63
	63
	63
	63
	63
	63
	63
	63
ê	63
	63
	63
	63
	62
	62
	62
	62
	62
	62
	62
	62
	62
	62
	62
	62
	62
	62
	62
	62
ϫ	61
׭	61
	61
	61
	61
	61
	61
	61
	61
	61
	61
μ	61
	61
	61
	61
	60
	60
	60
	60
	60
	60
	60
	60
	60
	60
	60
	60
	60
	60
	60
	60
	60
	59
	59
	59
Φ	59
	59
	59
˱	59
	59
	59
	59
	59
	59
	59
ؤ	59
	59
	58
	58
	58
	58
	58
	58
߳	58
	58
	58
	58
	58
	58
	58
	58
	58
	57
	57
ʭ	57
	57
	57
	57
	57
	57
	56
	56
	56
ź	56
	56
	56
	56
޹	56
	56
	56
ͮ	56
	56
	56
	55
	55
	55
	55
	55
	55
	55
	55
	55
ӧ	55
	55
	55
	55
	55
ب	55
	55
	55
	55
	54
	54
	54
	54
	54
ڭ	54
	54
	54
	54
	54
	54
	54
	54
	54
	54
	54
	54
	54
	54
	54
	54
	54
ڨ	54
	54
	54
	54
	53
	53
	53
t	53
	53
	53
	53
	53
	53
	53
	53
	53
	53
	52
	52
	52
	52
	52
	52
	52
	52
	52
	52
Ǿ	52
	52
	52
	52
	52
ҭ	52
	51
̻	51
	51
	51
	51
̪	51
	51
	51
	51
	50
	50
	50
	50
	50
	50
	50
	50
	50
	50
	50
	50
	50
	50
	50
	50
	49
	49
	49
Ʀ	49
	49
ԧ	49
	49
	49
	49
	49
	49
	49
	49
ذ	49
	49
	49
	48
	48
	48
	48
	48
	48
	48
	48
	48
	48
	48
	48
Ш	48
	48
	48
	48
	48
	48
	47
	47
	47
	47
	47
¸	47
	47
ڣ	47
	47
	47
	47
	47
	47
	47
	47
	47
	47
̣	47
	47
	47
	46
	46
	46
	46
	46
	46
	46
	46
	46
	46
	46
	46
	46
Ȭ	46
	46
	45
	45
	45
	45
	45
ئ	45
	45
	45
	45
	45
	45
	45
	45
	45
	45
	45
k	45
	45
n	45
	45
	45
	45
	44
	44
	44
	44
	44
	44
	44
	44
	44
	44
	44
	44
	44
	44
	44
Ҩ	44
غ	44
	44
	44
	43
	43
ϳ	43
	43
	43
ӷ	43
	43
	43
	43
	43
	43
	43
ٹ	43
	43
	43
	43
	42
ȳ	42
	42
	42
°	42
	42
	42
	42
	42
	42
	42
	42
	42
	42
	42
	42
	42
	42
	42
	42
	42
ۡ	42
	42
	42
	42
	42
ޣ	42
	42
	42
	41
	41
	41
ٵ	41
	41
	41
	41
ؽ	41
	41
	41
	41
	41
	41
	41
	41
	41
	41
	40
	40
	40
	40
	40
	40
v	40
ۻ	40
	40
	40
	40
	40
	40
	40
	40
	40
	40
	40
	40
ǵ	40
	40
	40
	40
	40
	40
	40
	39
	39
	39
ȧ	39
	39
	39
ع	39
	39
	39
	39
	39
	39
	39
	39
ټ	39
	39
	39
	39
	39
ٸ	38
	38
	38
	38
Ţ	38
	38
	38
	38
ݼ	38
ج	38
	38
	38
	38
	38
	38
	38
	38
	37
	37
ȶ	37
	37
	37
	37
	37
	37
	37
	37
	37
	37
	37
	37
	37
	37
	37
	37
	37
	37
	37
	37
	37
	37
f	37
	36
	36
.	36
	36
	36
	36
	36
	36
	36
߽	36
	36
	36
	36
Ǥ	36
	36
	36
	36
	36
	36
	36
	35
ګ	35
	35
	35
	35
í	35
î	35
	35
	35
	35
	35
	35
	35
	35
	35
?	35
	35
	35
ԯ	35
	35
	35
	35
̡	35
	35
	35
ڵ	35
	35
	35
	34
	34
	34
	34
	34
	34
	34
	34
	34
	34
	34
׻	34
	34
	34
	34
	34
	34
	34
	34
Ҿ	34
	34
	34
	34
	34
߮	34
	34
	34
	34
	34
	34
ک	33
	33
	33
	33
	33
	33
	33
	33
	33
	33
	33
	33
	33
٪	33
	33
	33
	33
	33
	32
	32
	32
	32
¾	32
	32
	32
	32
	32
	32
	32
ڡ	32
	32
	32
	32
	31
	31
	31
	31
	31
	31
	31
	31
	31
	31
	31
	31
	31
	31
	31
	31
	31
	30
	30
	30
	30
	30
	30
	30
	30
	30
	30
	30
	30
	30
	30
	30
	30
	30
	30
	29
	29
	29
	29
	29
̢	29
	29
	29
	29
	29
	29
	29
	29
	29
	29
	29
	29
	29
	29
	29
	29
Ѣ	29
خ	29
	29
	29
	29
	29
	28
	28
	28
	28
	28
ٯ	28
ڮ	28
	28
	28
	28
	28
	28
	28
O	28
	28
ا	28
	28
	28
	28
	28
	28
	28
	28
	28
	28
	28
	28
	28
	27
	27
	27
	27
Ӹ	27
	27
	27
	27
	27
	27
	27
	27
	27
	27
	27
	27
	27
ݱ	27
	27
	27
	27
ٺ	27
	27
	27
	27
	27
	26
	26
	26
	26
	26
	26
	26
	26
	26
ܲ	26
	26
	26
	26
	26
	26
	26
	26
	26
@	26
	26
	26
	26
	26
	26
ա	26
	26
	26
ڬ	26
	26
	26
	26
	26
	26
	26
	26
	25
ߢ	25
	25
	25
	25
	25
	25
	25
	25
	25
	25
	25
	25
	25
	25
	25
	25
ǥ	25
	25
	25
	25
	25
	25
	25
	25
	25
	25
	25
	25
	24
	24
	24
	24
	24
	24
	24
	24
	24
	24
	24
	24
ߦ	24
	24
ݻ	24
	24
	24
	24
	24
	24
	24
	24
۶	24
	24
	24
	24
	24
	24
	24
	24
	24
	24
	24
	23
	23
	23
a	23
	23
	23
	23
	23
	23
	23
	23
	23
	23
	23
	23
	23
	23
	23
	23
	23
	23
	23
	23
	23
	23
	23
	23
	23
	23
	22
	22
	22
	22
	22
	22
	22
	22
	22
	22
	22
	22
	22
ȣ	22
	22
	22
á	22
ۉ	22
ث	22
D	22
	22
	22
	22
	22
	22
	22
	22
	22
	22
	22
	22
	22
	22
d	22
	21
	21
	21
	21
	21
	21
ݬ	21
	21
	21
	21
	21
֡	21
	21
	21
	21
	21
	21
	21
	21
	21
	21
	21
	21
	21
	21
	21
	21
	21
	21
	21
	21
	21
	21
߯	21
	21
	21
	20
	20
	20
	20
	20
߰	20
ȿ	20
	20
	20
	20
	20
	20
	20
	20
	20
	20
	20
	20
	20
	20
	20
	20
	20
	20
	20
	20
	20
	20
	20
	20
	20
	20
ߡ	20
	20
	20
	20
	19
	19
	19
	19
	19
ݩ	19
	19
	19
	19
ڼ	19
	19
	19
ٳ	19
	19
	19
	19
	19
	19
	19
	19
	19
	19
	19
	19
	19
	19
	19
	19
	19
	19
	19
	19
ϭ	19
	19
F	19
	19
	19
	19
	19
	19
Ϋ	18
º	18
	18
	18
ۭ	18
	18
	18
	18
	18
	18
	18
	18
ޥ	18
	18
	18
	18
	18
	18
	18
	18
	18
	18
	18
	18
	18
	18
	18
	18
	18
	18
	18
	18
	18
	18
	18
	18
	18
	18
l	18
	18
	18
	17
	17
	17
	17
	17
	17
	17
	17
K	17
c	17
	17
	17
	17
ݸ	17
	17
	17
	17
	17
	17
	17
ޢ	17
	17
	17
	17
	17
	17
	17
	17
	17
	17
	17
	17
	17
	17
ޕ	17
	17
	17
	17
	17
	17
	17
	17
	17
	17
ۏ	17
	16
	16
	16
	16
	16
޼	16
	16
	16
	16
	16
	16
Ž	16
	16
	16
	16
	16
	16
ݷ	16
	16
	16
	16
	16
	16
	16
	16
	16
	16
q	16
	16
	16
	16
	16
	16
	16
	16
v	16
	16
	16
	16
	16
	16
	16
	16
	16
	16
	16
	16
]	16
	16
	16
	16
	16
	16
	16
	15
	15
	15
	15
	15
	15
	15
	15
	15
	15
	15
	15
	15
	15
	15
	15
ҿ	15
	15
	15
	15
٢	15
ط	15
	15
٬	15
	15
	15
	15
	15
	15
	15
[	15
	15
	15
	15
	15
	15
	15
	15
	15
	15
	15
	15
	15
	14
	14
	14
	14
	14
	14
	14
ߣ	14
	14
	14
	14
	14
	14
	14
	14
	14
	14
	14
	14
Q	14
	14
	14
	14
	14
	14
	14
	14
~	14
	14
ޤ	14
	14
	14
	14
	14
	14
	14
	14
	14
	14
	14
	14
	14
	14
	14
	14
	14
	14
	14
	14
	14
	14
	14
	14
	14
	13
	13
Ҽ	13
	13
	13
	13
	13
	13
ܼ	13
	13
	13
	13
	13
	13
	13
	13
	13
	13
	13
	13
Z	13
	13
	13
	13
	13
	13
	13
ݫ	13
	13
	13
	13
	13
	13
	13
	13
	13
	13
	13
	13
	13
	13
	13
	13
	13
	13
p	13
	13
	13
	13
	13
o	13
	13
	13
	13
	13
	13
	13
	13
	13
	13
	13
	13
	13
	13
	13
߲	13
	12
	12
	12
	12
	12
	12
	12
	12
	12
ݰ	12
	12
	12
	12
	12
	12
	12
	12
	12
	12
	12
	12
ڧ	12
	12
	12
	12
	12
	12
	12
	12
	12
	12
	12
	12
	12
	12
	12
	12
	12
	12
	12
	12
	12
	12
	12
	12
ۼ	12
	12
ڦ	12
	12
	12
	12
	12
	12
	12
ھ	12
	12
	12
	12
	11
	11
	11
ܦ	11
	11
	11
f	11
	11
	11
	11
	11
	11
	11
U	11
	11
	11
	11
	11
۷	11
	11
J	11
	11
	11
	11
	11
	11
	11
	11
	11
	11
	11
	11
	11
	11
	11
	11
	11
	11
ڹ	11
	11
	11
	11
	11
	11
	11
	11
	11
	11
	11
޻	11
	11
	11
	11
	11
	11
߻	11
	11
	11
	11
	11
	11
	11
	11
	10
	10
	10
	10
	10
	10
	10
	10
	10
	10
	10
۫	10
	10
	10
	10
	10
	10
	10
	10
ɻ	10
	10
	10
	10
q	10
	10
	10
	10
H	10
	10
	10
	10
	10
۴	10
	10
߱	10
	10
	10
ܫ	10
	10
	10
	10
	10
	10
	10
	10
	10
	10
	10
	10
	10
	10
	10
	10
	10
	10
J	10
	10
x	10
	10
	10
	10
	10
ڻ	10
	10
	10
	10
	10
	10
ߥ	10
	10
۩	10
	10
	10
	10
u	10
	10
	9
޴	9
	9
	9
	9
	9
	9
	9
	9
	9
	9
	9
	9
	9
۰	9
	9
	9
	9
	9
	9
	9
	9
	9
	9
	9
	9
	9
	9
	9
	9
	9
	9
	9
	9
	9
	9
	9
	9
	9
	9
	9
	9
	9
ߩ	9
H	9
	9
	9
	9
	9
ݹ	9
	9
	9
	9
	9
	9
	9
	9
	9
	9
	9
	9
	9
	9
	9
	9
	9
	9
	9
	9
	9
	9
	9
	9
	9
	9
	9
	9
	9
ڿ	9
r	9
	8
	8
G	8
	8
	8
	8
	8
	8
	8
	8
	8
	8
	8
	8
	8
	8
	8
	8
߾	8
ں	8
	8
	8
	8
	8
	8
	8
"	8
	8
	8
	8
	8
	8
	8
	8
	8
	8
	8
	8
	8
	8
	8
	8
	8
	8
	8
	8
	8
	8
	8
	8
	8
	8
c	8
	8
	8
	8
	8
	8
	8
	8
	8
ݡ	8
	8
	8
	8
ۿ	8
	8
	8
	8
	8
	8
	8
	8
	8
t	8
	8
	8
	8
	8
	8
	8
^	8
	8
	8
	8
ڽ	8
	8
	7
	7
	7
ߪ	7
	7
	7
	7
	7
	7
	7
	7
	7
	7
	7
	7
	7
	7
	7
٭	7
	7
	7
	7
	7
	7
	7
	7
	7
	7
	7
	7
	7
	7
	7
	7
ݿ	7
	7
	7
	7
	7
	7
	7
	7
	7
	7
	7
ܵ	7
	7
	7
	7
D	7
	7
	7
	7
	7
	7
	7
	7
	7
G	7
ؿ	7
	7
	7
	7
	7
	7
	7
	7
	7
	7
	7
	7
	7
	7
	7
	7
	7
	7
	7
	7
	7
	7
	7
	7
	7
ߓ	7
	7
|	7
	7
ڸ	7
	7
	7
D	7
	7
	7
	7
	7
	7
	6
w	6
	6
	6
	6
b	6
	6
	6
	6
	6
\	6
	6
	6
	6
	6
	6
ƅ	6
	6
	6
	6
	6
	6
	6
	6
	6
	6
	6
	6
	6
	6
	6
	6
Y	6
	6
ܨ	6
	6
	6
	6
	6
	6
	6
	6
	6
	6
޽	6
	6
	6
	6
ݶ	6
	6
ޒ	6
q	6
	6
	6
	6
	6
	6
	6
F	6
	6
	6
	6
	6
	6
	6
	6
	6
	6
ް	6
	6
]	6
	6
	6
	6
	6
	6
	6
	6
N	6
	6
	6
	6
	6
	6
ظ	6
۲	6
	6
y	6
	6
	6
	6
B	6
	6
	6
s	6
m	6
	6
	6
	6
@	6
	6
	6
ڷ	6
޶	6
	6
	6
	6
	6
N	6
	6
	6
	6
ܸ	6
	6
	6
	6
	5
	5
ٽ	5
	5
h	5
	5
	5
	5
	5
	5
	5
F	5
ت	5
	5
	5
	5
	5
ܯ	5
w	5
i	5
	5
	5
	5
ޭ	5
j	5
	5
	5
	5
	5
{	5
a	5
[	5
	5
	5
	5
	5
޿	5
	5
	5
	5
ܬ	5
	5
	5
	5
	5
g	5
	5
	5
	5
	5
	5
	5
	5
	5
	5
	5
n	5
	5
	5
	5
	5
س	5
	5
	5
	5
ܱ	5
	5
	5
	5
	5
	5
	5
	5
	5
	5
	5
	5
	5
	5
	5
	5
	5
	5
ڱ	5
ݯ	5
	5
	5
	5
	5
}	5
b	5
	5
	5
	5
ܤ	5
	5
ض	5
ަ	5
	5
	5
	5
	5
	5
	5
	5
	5
~	5
G	5
g	5
	5
	5
	5
	5
	5
	5
	5
_	5
	5
	5
	5
	5
	5
